10 6  0 0
0 0 252 188 188 242 169 109 85 143 187 191 164 25 222 255 72 27 129 215 237 16 58 111 219 51 219 211 85 127 192 112 134 34  0
0 0 93 125 221 103 180 14 111 184 112 234 255 76 215 115 153 115 22 196 124 110 233 240 249 46 237 239 101 20 104 243 66 33  0
0 0 58 185 58 250 93 221 82 239 143 13 252 9 46 221 102 16 200 187 215 80 78 43 250 245 251 221 0 123 83 14 238 202  0
0 0 193 156 191 245 160 238 61 55 190 251 86 116 253 55 128 123 167 119 127 8 177 220 179 103 205 255 126 192 136 192 129 121  0
0 0 61 101 105 111 84 95 79 248 85 224 253 10 83 89 157 48 88 204 22 234 201 178 125 190 119 205 165 52 119 187 82 224  0
0 0 10 188 178 154 255 245 184 199 159 95 92 183 172 254 102 204 239 59 191 145 182 75 178 243 31 87 158 235 150 76 173 223  0
0 0 27 223 99 205 118 146 239 117 93 72 94 230 121 206 182 100 126 171 23 237 197 184 37 255 54 109 170 128 63 142 113 253  0
0 0 222 95 254 254 47 86 127 248 189 206 214 167 111 255 55 83 254 245 255 231 236 199 171 238 243 251 239 147 39 247 45 83  0
0 0 111 180 240 83 253 127 254 218 123 255 61 60 202 252 223 190 159 206 247 30 183 114 255 242 63 95 85 255 199 255 222 247  0
0 0 2 205 6 159 220 131 174 239 30 1 218 2 224 234 48 64 121 235 59 193 114 187 11 255 60 38 143 64 21 90 177 136  0
1 0 244 52 157 119 168 111 85 154 178 187 167 24 215 115 73 27 129 214 108 58 56 101 219 2 201 243 117 60 192 113 198 34  0
1 0 236 180 188 250 173 109 81 155 219 127 181 24 222 253 74 59 201 211 253 16 58 103 251 147 219 219 85 127 210 73 198 114  0
1 0 120 189 188 242 169 237 85 207 187 191 172 25 190 247 64 26 129 243 237 16 26 75 218 51 251 215 85 123 192 80 134 43  0
1 0 220 180 188 246 169 108 85 154 187 255 183 57 223 255 75 27 135 215 253 18 58 71 251 34 219 243 117 255 130 113 135 115  0
1 0 232 172 180 116 205 253 84 143 251 183 164 24 170 185 70 191 137 246 232 16 62 111 250 179 219 219 85 127 194 92 206 14  0
1 0 216 188 156 244 169 236 17 7 186 191 166 25 191 183 64 91 129 119 237 16 58 77 211 35 219 243 94 91 128 64 135 43  0
1 0 124 177 185 98 153 109 87 152 99 189 173 8 215 245 73 50 153 214 108 122 26 99 251 48 251 221 5 125 194 123 198 34  0
1 0 196 172 148 191 137 237 20 175 190 179 138 25 230 242 72 91 129 119 104 16 50 77 219 115 173 182 95 127 128 112 135 10  0
1 0 198 180 148 242 233 109 180 202 187 187 177 25 206 255 77 27 167 87 255 19 50 103 218 242 157 210 95 127 192 113 135 131  0
1 0 194 172 148 186 137 237 20 207 191 55 128 25 174 250 76 155 129 115 233 17 54 79 218 243 153 210 95 123 144 84 143 14  0
11 0 212 52 157 247 136 110 85 154 178 191 167 24 215 119 73 91 129 215 109 50 56 69 219 34 217 227 117 20 160 113 135 34  0
11 0 252 120 189 116 8 76 85 152 162 182 166 24 215 247 65 27 129 212 108 106 104 103 251 0 209 227 117 61 96 113 70 34  0
11 0 244 36 188 118 141 111 85 170 178 182 167 25 211 121 73 27 217 212 109 34 40 103 219 10 219 227 85 61 224 121 86 2  0
11 0 252 52 156 119 169 47 84 154 187 187 167 24 223 115 73 27 145 214 108 58 56 101 219 34 219 251 117 52 194 241 194 3  0
11 0 100 160 157 113 168 109 81 155 186 187 163 24 215 51 72 27 129 86 108 24 58 108 219 16 205 211 117 124 192 96 198 34  0
11 0 244 32 156 53 140 47 68 136 250 178 163 24 215 97 73 27 137 196 104 50 40 103 219 0 157 146 85 60 192 121 66 2  0
11 0 244 112 157 116 168 107 85 152 162 190 167 56 215 247 73 27 131 212 108 114 40 71 203 0 217 195 101 61 224 113 6 35  0
11 0 228 164 157 255 140 111 71 175 22 179 161 24 215 113 73 27 217 214 104 58 58 102 219 51 237 135 117 124 208 121 198 34  0
11 0 236 180 189 115 168 111 85 155 122 187 167 24 215 119 73 59 129 86 108 58 57 100 251 2 207 219 117 116 192 113 198 34  0
11 0 244 124 157 118 137 108 85 182 250 186 166 24 246 243 65 59 129 118 108 10 105 101 251 42 249 251 85 56 192 113 198 42  0
21 0 212 52 189 244 136 110 85 154 178 191 167 24 215 119 73 91 129 213 109 50 56 69 251 2 217 227 117 53 160 113 6 98  0
21 0 212 36 157 246 136 110 85 139 178 183 163 24 215 115 73 91 129 215 108 50 56 69 219 34 217 227 85 21 160 113 135 34  0
21 0 212 140 157 247 136 110 85 191 180 182 166 24 247 119 8 91 129 215 109 34 120 205 219 47 249 227 117 21 160 112 132 42  0
21 0 212 108 157 181 138 106 21 138 182 182 130 25 215 119 65 91 163 213 109 34 40 69 203 2 217 227 127 21 160 113 5 34  0
21 0 220 180 157 247 136 110 85 191 178 187 167 24 215 119 72 123 129 214 109 40 57 77 251 2 201 227 117 20 160 112 135 50  0
21 0 212 52 157 247 168 110 85 154 186 187 163 24 215 119 73 91 129 87 109 50 56 69 219 34 201 227 117 52 128 113 135 35  0
21 0 212 4 156 183 136 46 84 138 182 179 131 17 215 115 73 91 129 71 109 51 56 69 219 2 201 227 127 20 128 113 129 2  0
21 0 220 52 157 246 136 108 85 154 178 183 167 24 215 247 73 91 129 214 109 26 56 71 251 34 217 227 117 61 160 113 134 34  0
21 0 212 253 157 246 136 110 87 188 178 182 175 24 215 119 73 91 145 215 109 98 120 69 219 42 249 227 101 28 160 115 134 34  0
21 0 212 84 157 247 168 110 85 152 182 186 135 24 215 119 73 91 129 85 125 34 40 69 251 32 201 227 119 20 128 113 5 34  0
31 0 212 52 57 248 136 111 85 90 54 46 165 24 215 119 9 121 209 153 93 34 41 71 121 30 209 163 113 60 176 113 38 114  0
31 0 212 48 189 244 8 108 81 26 162 191 167 24 215 55 73 91 129 213 109 16 40 69 251 0 217 227 113 61 160 97 6 98  0
31 0 212 52 189 246 136 110 85 154 178 191 167 24 215 119 73 91 129 213 109 50 56 69 251 2 217 227 117 53 160 113 6 98  0
31 0 220 52 189 247 168 110 85 152 178 190 167 24 215 119 73 91 133 213 125 50 40 69 251 2 219 227 117 21 160 241 6 115  0
31 0 212 52 189 244 136 110 85 152 178 254 167 24 215 119 73 123 129 213 125 58 41 69 251 0 217 235 117 52 160 113 6 114  0
31 0 212 52 156 180 136 110 85 154 178 190 166 25 215 55 67 91 129 213 109 34 40 69 219 2 217 227 117 53 160 113 6 114  0
31 0 92 52 189 225 168 110 81 154 50 191 175 24 215 55 73 90 145 213 109 48 56 69 249 2 217 231 117 117 160 225 6 98  0
31 0 220 32 189 229 168 110 81 26 162 191 167 24 215 55 73 91 129 212 125 56 56 69 241 0 219 235 113 84 160 225 70 98  0
31 0 212 52 191 244 136 110 17 138 182 183 135 17 215 247 73 91 161 117 105 50 56 197 187 2 217 227 127 21 128 113 5 98  0
31 0 220 20 189 245 8 110 81 24 176 190 167 25 215 119 9 91 129 213 109 34 56 197 251 2 211 227 113 21 160 97 6 114  0
41 1 61 4 143 236 137 103 77 73 49 175 228 24 95 119 41 57 248 141 85 172 56 199 113 10 145 251 208 28 163 113 166 98  8.31226
41 1 212 52 57 232 24 108 83 26 38 14 173 24 151 215 72 88 81 157 109 178 43 7 251 23 209 161 33 124 48 131 38 114  7.39597
41 1 212 52 57 252 8 239 85 123 188 238 225 24 247 247 33 25 149 185 93 34 57 71 114 31 209 227 115 56 208 97 7 115  7.50133
41 1 212 52 185 234 136 103 19 216 54 55 161 24 215 247 73 90 213 221 125 50 43 71 219 18 217 135 107 60 176 99 39 114  7.61911
41 1 180 116 57 248 200 111 87 222 48 46 164 24 23 23 1 121 89 216 77 42 41 71 121 50 241 135 117 60 176 209 134 114  8.08911
41 1 92 4 60 252 170 111 29 9 164 150 133 24 215 119 27 123 49 177 93 43 56 67 126 28 209 227 107 56 176 115 135 98  8.59994
41 1 119 54 141 173 168 47 13 27 54 127 145 253 199 102 138 31 95 141 108 165 189 66 239 24 144 242 249 188 156 244 130 85  9.69855
41 1 248 60 125 108 136 102 89 190 113 142 172 16 91 63 1 59 93 215 125 232 185 78 241 46 219 255 241 28 227 241 38 123  9.69855
41 1 212 20 29 248 139 103 87 218 54 58 164 16 86 119 41 121 213 153 24 162 41 71 121 30 209 198 83 62 176 113 38 51  7.75264
41 1 180 20 125 250 194 99 87 222 16 55 229 58 87 119 41 25 91 219 21 162 40 214 120 42 209 131 244 53 176 121 164 242  8.59994
42 1 208 48 189 244 168 108 85 31 162 191 166 24 215 55 65 91 129 215 109 16 40 77 243 0 217 227 117 61 160 112 134 107  6.23282
42 1 86 112 133 180 137 38 64 8 167 186 163 73 194 83 73 95 224 213 109 178 8 71 219 192 145 242 211 22 162 113 34 6  9.69855
42 1 208 48 189 245 8 110 81 18 182 191 167 24 215 55 64 91 129 149 109 16 40 197 243 0 217 227 113 21 160 32 6 98  5.55542
42 1 208 52 59 236 8 109 83 24 166 172 143 24 215 215 72 82 144 213 109 48 10 69 251 23 209 165 33 60 32 3 7 98  7.50133
42 1 68 20 185 248 40 108 81 27 38 143 79 9 215 247 73 90 209 21 61 24 8 2 251 0 197 167 115 13 144 98 4 114  9.00541
42 1 212 52 157 244 8 108 81 26 178 187 163 24 215 183 65 91 129 213 109 16 40 69 211 2 217 227 113 60 160 97 6 34  5.69122
42 1 212 48 189 116 8 108 81 26 178 191 167 24 215 183 73 91 129 213 109 18 40 69 251 0 209 227 113 61 160 113 6 98  5.34184
42 1 80 48 157 228 8 78 81 24 162 189 167 8 215 55 72 91 0 212 109 48 8 65 211 0 217 163 97 52 160 32 6 98  6.60751
42 1 212 48 189 246 8 108 81 24 162 183 167 24 215 119 73 91 129 213 109 18 40 69 251 0 217 227 113 61 160 97 6 98  5.18769
42 1 212 48 189 112 136 108 81 10 162 183 167 24 215 55 73 27 129 213 109 16 56 69 251 0 217 195 117 125 224 97 7 98  5.20992
43 1 212 52 189 247 136 110 85 154 178 183 167 24 215 119 73 91 129 212 109 58 56 69 251 2 217 227 117 53 160 113 6 98  4.45681
43 1 246 38 236 183 160 107 93 143 18 191 47 185 87 102 73 27 189 215 117 51 56 212 201 42 249 131 253 181 165 121 150 99  7.75264
43 1 252 52 156 116 137 110 85 139 178 183 167 25 215 119 75 27 129 213 237 50 56 69 251 2 219 227 117 53 224 113 134 98  5.26774
43 1 212 52 189 246 136 110 85 154 178 191 167 24 215 119 73 91 129 215 109 50 56 69 251 2 217 227 117 61 160 113 134 98  4.38043
43 1 212 52 189 117 168 110 85 154 178 191 167 24 215 119 73 27 129 212 109 18 56 69 251 2 217 195 117 53 224 113 6 35  5.6555
43 1 84 60 159 252 138 110 87 170 179 190 174 8 86 247 1 122 33 245 121 34 56 195 179 106 217 166 85 23 160 113 38 98  7.75264
43 1 220 20 189 247 140 110 85 154 178 191 167 24 215 119 73 123 129 214 125 58 56 101 251 34 203 235 117 21 160 113 198 98  6.00967
43 1 212 180 189 246 168 111 85 187 178 191 167 24 215 119 72 91 129 215 109 50 56 69 251 0 217 227 117 117 160 113 135 99  5.3291
43 1 212 52 189 114 168 110 81 10 178 191 167 24 215 119 73 27 129 85 109 50 56 69 251 2 217 195 117 117 224 97 7 99  5.38106
43 1 212 112 189 246 136 108 85 152 178 182 167 25 215 119 73 91 129 213 109 50 40 69 251 2 209 227 117 61 160 113 6 98  4.99807
44 1 220 52 191 119 170 106 85 16 176 190 167 56 215 119 73 91 39 213 109 50 40 197 171 2 217 227 117 21 160 241 7 115  5.98498
44 1 220 116 189 119 168 110 85 152 178 191 167 25 215 119 75 91 133 215 109 50 40 69 251 2 203 227 117 21 224 241 134 115  5.2442
44 1 252 54 172 181 168 106 93 25 18 191 131 185 215 109 75 91 213 213 125 51 56 69 203 2 201 227 253 149 164 249 150 83  7.1336
44 1 220 52 189 247 168 110 85 152 178 190 167 24 215 119 73 91 149 213 125 50 56 69 251 2 219 227 117 21 160 241 6 115  4.88637
44 1 148 17 188 59 208 4 29 25 50 95 133 17 113 127 26 26 204 217 61 129 186 65 139 1 225 161 100 144 129 128 134 99  9.69855
44 1 212 116 189 117 168 110 85 154 178 254 166 56 215 55 65 123 167 213 125 50 41 69 251 2 219 235 117 20 224 241 134 115  6.11503
44 1 212 116 189 246 168 110 85 152 176 190 167 24 215 119 73 91 133 213 109 34 40 69 251 2 209 227 117 20 160 241 6 115  5.23264
44 1 220 124 189 117 168 111 85 151 178 190 166 24 151 55 65 123 133 245 125 58 104 205 243 42 251 235 117 21 224 240 199 123  7.75264
44 1 244 52 173 101 168 110 21 27 32 254 154 185 211 61 65 27 133 212 125 48 168 69 241 2 209 163 117 148 224 240 214 115  6.9905
44 1 220 92 251 242 182 255 87 154 254 255 167 24 223 247 107 121 183 255 125 58 58 245 185 62 251 239 55 117 226 249 207 122  9.69855
45 1 213 188 189 244 168 110 87 186 178 250 135 24 215 55 65 123 133 213 125 58 57 79 249 8 219 235 101 124 168 97 134 115  6.75411
45 1 213 52 61 165 168 47 93 27 188 190 167 28 215 19 1 91 133 101 125 46 56 69 249 26 225 171 99 52 136 113 131 114  9.69855
45 1 212 52 189 247 136 108 85 152 178 255 167 24 215 119 73 123 129 212 125 58 41 69 251 0 201 235 117 60 128 113 6 114  4.93638
45 1 212 52 189 244 136 110 85 154 176 254 167 24 215 55 73 123 129 213 125 42 41 69 251 2 209 235 117 20 160 113 7 114  4.98902
45 1 220 124 189 117 136 111 85 154 178 250 166 24 215 119 65 59 165 213 125 50 41 69 251 34 217 203 117 52 224 113 7 115  6.29735
45 1 221 52 190 54 137 126 69 152 246 255 167 29 223 247 75 255 49 228 236 122 61 197 251 8 219 227 101 61 234 119 14 114  9.00541
45 1 213 52 189 241 140 102 93 152 50 251 131 88 215 127 89 123 213 213 125 179 57 71 251 2 217 139 255 252 168 113 182 114  6.08763
45 1 212 112 189 118 136 110 85 152 178 182 167 24 215 119 73 123 129 212 125 58 41 69 251 0 217 235 117 52 160 113 6 98  5.39449
45 1 212 48 189 244 168 110 85 154 178 250 166 24 215 55 65 123 129 212 125 24 41 69 251 2 217 235 117 52 160 113 6 115  6.08763
45 1 220 52 189 230 136 110 87 152 178 250 167 24 215 119 73 123 149 213 125 58 57 69 251 2 217 235 101 60 160 115 6 114  5.8484
46 1 245 21 188 188 140 38 95 187 17 30 142 23 82 103 43 91 85 214 44 62 56 71 251 110 249 186 213 20 176 249 196 82  9.69855
46 1 220 20 156 180 136 110 85 26 176 182 167 25 215 55 67 91 129 213 109 34 40 69 219 2 209 227 117 21 160 113 6 98  5.10343
46 1 212 100 157 52 137 108 21 139 187 182 162 25 198 119 65 27 129 85 109 34 104 69 219 2 217 242 85 55 128 113 7 98  7.90679
46 1 208 52 159 244 8 110 85 18 176 190 166 25 215 55 65 91 161 245 109 32 40 197 209 10 217 227 117 16 160 112 6 122  5.91436
46 1 160 52 48 84 0 96 23 158 48 138 164 56 95 127 1 25 19 211 93 34 168 71 201 42 241 198 117 146 200 113 3 19  9.69855
46 1 220 92 188 117 136 110 85 150 182 190 166 25 215 55 67 91 129 246 109 24 40 205 243 40 203 235 117 21 160 241 70 122  6.26457
46 1 244 124 189 180 140 111 85 182 178 254 130 25 215 63 65 27 129 245 125 33 40 69 211 42 217 195 125 52 160 121 22 123  6.5205
46 1 92 5 188 164 172 126 86 139 98 186 142 9 215 124 83 122 147 199 253 37 92 97 203 0 251 239 101 53 224 242 140 66  9.69855
46 1 212 54 140 180 136 46 93 155 50 182 134 157 215 103 67 91 21 213 109 182 40 71 219 2 219 227 253 181 160 240 6 82  5.58768
46 1 212 52 156 180 136 110 85 154 178 190 166 25 215 55 67 91 129 213 109 34 40 69 219 2 217 227 117 53 160 113 6 82  4.85437
47 1 92 36 249 229 162 104 83 154 50 183 174 56 23 55 73 90 51 214 109 24 24 65 169 2 219 167 101 53 160 241 7 99  6.86534
47 1 92 52 152 228 168 110 83 154 50 191 175 24 215 51 73 90 145 213 109 48 24 65 217 2 219 231 117 117 160 241 6 35  5.70957
47 1 116 166 141 169 168 99 89 154 22 183 131 185 215 103 73 91 209 149 109 176 58 71 203 18 217 231 249 245 176 233 4 114  7.05949
47 1 92 52 189 241 184 110 81 154 54 191 175 24 215 119 73 90 145 212 109 56 56 197 249 6 217 231 117 85 160 225 6 98  5.70957
47 1 92 52 191 225 152 110 81 18 50 231 175 24 215 183 65 26 129 245 125 48 24 241 241 2 217 231 113 85 224 97 6 114  6.56306
47 1 92 181 189 101 168 110 85 159 50 191 174 56 215 55 65 90 129 215 109 24 24 88 243 2 221 231 117 53 160 240 134 107  6.29735
47 1 84 52 156 161 136 111 81 155 50 191 175 25 215 55 75 26 145 215 109 48 56 69 217 2 219 199 117 117 160 225 134 66  5.98498
47 1 212 54 253 97 162 106 81 27 50 191 39 56 215 55 72 27 55 157 109 48 56 212 169 2 217 231 117 117 224 225 135 99  6.17219
47 1 116 52 185 225 136 110 81 154 50 191 171 24 215 119 73 26 149 215 109 48 56 67 249 2 217 135 117 116 224 99 134 114  6.17219
47 1 92 52 189 227 136 111 83 152 50 183 167 24 215 119 73 26 51 213 109 58 56 84 249 2 221 199 101 116 160 227 135 114  6.11503
48 1 212 32 189 228 172 110 65 25 163 191 167 24 215 119 72 91 129 196 125 58 24 69 251 0 217 251 97 84 160 225 214 98  6.5205
48 1 220 32 189 229 168 110 81 26 162 191 167 24 215 55 73 91 129 212 125 56 56 69 243 0 219 235 117 84 160 225 70 98  5.36782
48 1 252 56 242 225 199 102 121 82 33 191 183 18 27 31 65 75 237 221 13 176 56 255 145 192 219 233 242 100 227 137 100 179  9.69855
48 1 212 48 253 101 168 110 89 18 38 183 167 24 215 63 65 123 163 213 125 48 56 213 241 0 219 235 117 21 224 225 70 34  6.65403
48 1 244 20 189 227 132 110 81 18 233 183 175 24 215 63 65 91 161 212 121 62 56 245 241 2 211 235 81 84 224 107 70 98  7.61911
48 1 220 36 255 100 170 110 85 19 177 182 166 24 223 55 67 91 35 212 109 40 40 197 177 8 219 235 117 21 162 240 6 98  6.92596
48 1 248 0 220 245 168 110 85 23 160 191 182 24 215 51 3 91 130 180 109 56 56 244 193 0 199 235 112 21 224 248 206 35  7.75264
48 1 220 28 191 249 157 239 83 146 183 255 174 16 223 119 41 255 193 246 125 184 57 237 115 124 203 255 211 82 242 233 100 114  9.00541
48 1 248 48 188 229 40 110 81 27 50 183 167 24 215 23 64 91 193 148 125 40 56 71 241 0 211 235 113 20 160 224 70 98  6.1432
48 1 220 96 255 100 162 106 85 17 160 183 167 25 87 55 72 122 178 149 125 48 56 245 161 2 219 235 96 85 224 176 135 99  8.08911
49 1 84 20 191 244 137 110 17 202 182 183 135 17 214 247 105 75 209 117 105 51 56 197 155 2 217 231 95 21 128 121 37 98  7.1336
49 1 92 100 191 244 147 106 17 206 178 183 167 28 223 247 72 91 51 245 104 48 56 229 187 10 217 227 103 5 226 114 39 98  8.31226
49 1 212 52 189 113 136 111 17 154 182 183 135 17 215 247 75 91 129 85 109 48 58 197 251 16 201 227 127 85 128 97 5 114  6.70282
49 1 212 48 191 245 136 110 17 0 178 183 167 16 215 247 65 91 161 245 105 50 56 197 187 2 217 227 127 21 128 113 39 98  6.47968
49 1 212 52 191 252 136 110 17 138 182 191 131 25 215 255 105 75 209 117 105 50 40 197 155 10 201 227 95 21 128 121 5 114  6.92596
49 1 212 148 58 114 18 235 51 43 54 39 111 57 86 231 42 24 177 191 233 48 48 252 57 22 223 135 17 69 224 65 134 98  9.69855
49 1 84 52 191 116 138 106 49 11 186 183 167 56 215 247 65 27 35 87 105 48 48 197 179 2 217 163 117 21 160 113 135 98  7.50133
49 1 212 52 61 249 136 231 21 75 254 254 167 16 215 183 35 123 225 53 108 50 57 101 225 18 209 227 123 53 144 80 165 99  9.69855
49 1 212 20 191 240 142 102 93 203 182 183 139 19 87 255 105 91 249 215 109 179 56 197 187 2 217 227 255 85 161 113 164 98  7.50133
49 1 212 36 191 96 136 100 27 216 182 191 139 16 213 231 73 74 21 117 105 178 50 69 171 18 217 165 43 125 128 99 39 115  8.59994
50 1 124 20 189 255 40 110 81 24 179 63 167 25 215 119 9 91 193 212 237 34 56 69 251 0 195 243 113 21 178 225 70 114  6.29735
50 1 220 208 191 241 138 78 81 59 176 63 167 57 87 55 72 91 163 149 109 34 56 85 155 23 211 227 113 87 224 1 135 115  8.08911
50 1 212 214 63 60 56 110 81 184 240 95 167 29 87 108 10 91 129 197 109 117 188 229 59 45 219 227 113 85 224 33 70 83  8.08911
50 1 212 20 189 244 8 110 81 24 176 190 167 25 215 119 9 91 129 213 109 34 40 69 251 0 209 227 113 21 160 97 6 114  5.39449
50 1 252 52 62 225 32 111 89 91 53 183 183 25 215 31 9 27 191 157 77 162 56 215 209 10 211 227 243 21 160 225 38 114  7.39597
50 1 220 6 173 181 136 110 89 57 180 190 167 145 215 103 9 91 85 212 109 178 56 197 107 8 217 227 251 148 160 225 4 114  6.9905
50 1 240 84 59 224 164 108 87 87 49 14 190 51 18 31 0 80 232 151 77 34 56 167 177 194 243 189 178 145 97 89 246 107  9.69855
50 1 220 20 189 117 8 110 81 18 176 190 167 24 215 55 1 91 129 212 109 34 40 197 243 2 193 227 113 21 160 97 6 98  5.69122
50 1 220 20 191 244 137 110 85 51 176 150 167 16 95 119 9 91 225 245 237 162 56 197 179 10 211 227 113 21 160 225 38 98  6.36635
50 1 220 52 189 119 137 110 85 24 180 254 167 29 215 119 75 91 49 212 109 34 56 197 251 2 211 227 101 21 224 113 6 114  6.26457
32 0 212 36 156 119 138 106 85 139 178 183 167 24 215 115 73 91 51 215 108 50 56 197 139 2 217 227 117 85 224 113 135 34  0
32 0 212 36 157 119 136 110 69 139 178 179 163 24 215 115 73 91 129 214 104 58 56 69 219 34 217 163 85 20 160 113 134 34  0
32 0 212 44 157 117 136 110 65 2 178 179 162 24 215 51 65 91 129 246 108 16 56 197 211 2 217 227 117 21 160 97 7 34  0
32 0 212 36 157 246 137 110 85 138 178 183 163 24 215 115 73 91 129 215 108 50 56 69 219 34 217 227 85 21 160 113 135 34  0
32 0 212 164 157 246 136 108 85 143 178 179 163 24 215 243 73 91 129 215 108 18 56 71 219 34 217 227 85 125 160 113 135 34  0
32 0 220 164 156 243 137 111 85 136 182 183 167 24 215 115 73 91 129 215 104 50 58 69 219 48 217 195 85 125 128 113 135 34  0
32 0 212 4 158 247 141 110 101 143 183 179 231 18 211 243 73 91 105 214 105 154 56 213 219 96 217 163 215 5 160 113 228 34  0
32 0 212 36 159 116 146 110 81 75 50 183 171 24 87 115 72 91 177 215 104 48 56 213 153 2 217 231 85 85 160 97 166 34  0
32 0 212 36 156 182 136 108 85 139 178 183 163 25 215 115 73 91 129 215 109 18 56 69 219 2 217 227 117 61 160 113 134 2  0
32 0 212 4 159 246 137 110 85 11 176 146 163 24 215 243 9 91 225 247 104 34 56 199 155 2 209 227 87 29 160 113 167 34  0
151 1 84 36 255 119 138 106 87 143 178 183 171 56 215 119 73 90 51 215 108 50 56 65 139 34 217 231 117 21 224 115 135 34  5.70957
151 1 212 44 158 55 138 106 39 175 178 183 163 24 215 115 73 91 51 215 108 50 56 197 203 42 249 163 117 85 224 113 135 34  5.91436
151 1 212 246 156 99 138 47 21 153 162 183 167 25 71 103 72 27 55 213 232 50 58 69 153 16 219 195 85 117 224 243 135 34  7.39597
151 1 212 36 212 117 138 42 101 139 187 183 163 24 207 115 77 95 35 215 108 50 56 213 201 66 157 242 87 86 160 225 135 32  6.92596
151 1 92 38 156 55 138 42 117 139 50 183 171 153 199 99 75 91 51 199 236 50 56 85 203 2 220 231 117 21 160 241 143 2  6.36635
151 1 212 164 156 119 138 106 85 171 178 183 167 24 215 115 72 91 35 215 108 16 56 205 139 2 217 227 117 85 160 96 135 34  6.23282
151 1 220 36 156 119 168 106 85 139 178 183 167 24 215 99 73 91 35 215 108 50 56 197 203 2 217 227 117 21 224 241 135 34  5.69122
151 1 220 52 158 119 139 106 53 139 186 183 167 24 223 243 73 91 163 215 232 50 48 197 155 2 217 227 117 85 224 113 135 34  6.17219
151 1 212 53 189 114 138 107 23 169 170 183 175 24 215 119 73 59 163 87 236 50 56 65 187 32 217 195 69 87 224 99 135 98  6.92596
151 1 220 36 214 118 139 106 87 136 179 147 175 48 95 119 73 255 51 215 232 178 56 197 187 98 219 246 85 87 162 243 166 34  6.92596
152 1 212 36 157 119 136 110 69 139 178 179 163 24 215 115 73 91 129 214 104 58 56 69 219 34 201 163 85 20 128 113 135 34  4.46211
152 1 212 36 157 55 136 106 69 138 178 183 163 24 215 99 73 91 17 214 104 58 56 69 219 34 217 162 85 20 160 241 134 32  5.74731
152 1 212 36 157 117 136 110 69 11 178 179 163 24 215 51 73 91 1 214 104 56 56 69 219 0 217 163 85 20 160 112 134 34  5.45006
152 1 84 44 159 118 136 110 71 136 182 179 163 24 214 243 73 123 129 118 104 90 43 69 219 34 217 162 85 28 128 115 7 34  6.80818
152 1 84 164 149 119 136 106 71 175 178 179 171 24 215 115 73 91 33 214 104 58 56 65 219 34 249 166 85 52 224 113 135 34  5.63811
152 1 84 132 157 247 136 110 71 137 182 179 163 24 215 115 73 91 209 215 104 50 56 195 219 32 217 162 87 84 128 115 164 34  6.65403
152 1 212 36 157 119 136 110 69 155 178 179 163 24 215 115 73 91 1 214 108 58 56 69 219 34 217 227 117 20 160 113 134 34  5.36782
152 1 212 36 157 118 136 110 71 137 50 179 171 24 215 115 73 91 145 214 108 58 57 69 219 2 217 231 101 124 160 115 134 34  5.96088
152 1 220 44 156 54 137 110 71 143 178 179 139 24 215 243 73 91 129 230 104 58 56 69 219 34 249 163 85 61 160 113 134 34  6.11503
152 1 220 36 149 247 137 110 69 139 179 183 167 24 206 115 73 223 1 214 104 58 56 69 251 34 217 243 85 20 162 113 134 34  6.08763
153 1 92 172 151 117 145 106 67 130 178 183 170 24 247 115 64 90 1 246 104 24 40 205 209 42 233 231 85 17 226 113 70 34  7.05949
153 1 212 36 157 53 136 110 69 15 178 187 162 24 215 51 65 91 129 246 108 16 56 77 211 2 217 227 117 21 160 112 134 42  6.29735
153 1 208 32 157 117 8 110 65 26 54 179 162 24 215 51 65 91 129 149 108 16 40 69 211 2 201 227 113 20 160 96 7 34  6.29735
153 1 92 173 151 117 153 106 65 163 161 181 174 24 255 99 1 27 1 246 104 56 56 201 217 44 233 242 69 81 162 225 6 34  7.61911
153 1 212 44 159 116 136 108 65 2 178 179 163 24 215 179 65 90 129 246 108 24 56 197 211 34 217 166 117 16 160 97 7 34  6.80818
153 1 244 60 157 244 185 235 81 131 187 191 162 57 214 55 65 95 129 247 108 16 57 223 251 30 217 178 117 87 160 105 134 35  9.00541
153 1 80 46 158 119 8 234 64 130 182 159 170 104 247 243 65 91 161 247 108 16 40 201 139 40 217 163 119 17 224 97 39 11  7.90679
153 1 220 32 157 117 137 110 81 10 162 179 163 24 215 51 65 91 129 212 108 16 56 69 211 0 217 227 113 85 160 97 7 34  5.82735
153 1 212 44 159 245 136 110 81 130 178 179 162 24 215 51 65 91 129 247 108 16 56 205 211 34 217 227 117 21 160 113 7 34  6.20204
153 1 212 36 159 244 136 110 65 42 182 178 162 24 215 115 1 91 129 246 108 32 40 197 195 14 217 163 117 20 224 96 7 34  6.86534
154 1 220 100 148 182 137 110 84 170 187 183 163 24 207 115 73 91 161 215 236 34 56 69 219 34 153 243 85 23 160 113 135 2  5.45006
154 1 212 166 148 126 139 42 69 168 183 183 167 56 199 99 73 223 17 214 236 50 40 69 235 43 153 246 85 63 162 113 6 32  7.21365
154 1 220 36 157 246 137 110 85 139 179 183 163 24 215 119 73 91 129 215 109 34 56 69 219 2 217 243 85 21 160 113 135 34  4.87827
154 1 220 44 157 244 137 110 85 175 178 183 166 24 215 55 73 123 129 215 108 0 56 69 251 34 217 227 85 21 160 113 135 34  6.06097
154 1 220 28 157 62 137 126 86 154 115 242 238 24 119 51 1 123 145 214 232 2 44 221 249 42 219 231 85 21 162 241 70 10  9.69855
154 1 212 36 157 119 137 108 21 138 186 183 163 24 214 115 73 91 129 87 104 18 56 69 219 34 201 243 85 23 128 113 135 34  5.11358
154 1 212 100 157 246 136 110 85 170 178 183 163 24 215 115 73 91 129 215 108 50 56 69 219 34 217 227 117 21 160 113 135 34  4.73571
154 1 220 4 156 246 137 110 87 136 178 178 163 24 215 115 73 91 145 213 108 114 40 69 219 34 217 227 69 21 160 115 7 34  5.80673
154 1 220 52 61 246 141 110 85 184 248 242 167 24 223 127 73 59 177 215 121 50 57 103 219 34 219 203 87 84 232 113 231 50  7.39597
154 1 220 101 159 226 137 110 94 133 49 179 131 24 223 115 73 219 227 215 125 178 120 197 217 34 251 243 223 85 160 115 167 2  7.61911
155 1 212 104 157 246 138 108 85 142 178 178 162 24 215 243 65 91 161 247 108 2 104 71 139 34 217 163 117 60 160 113 135 42  6.65403
155 1 212 164 157 246 136 108 85 143 186 179 163 24 214 243 73 91 129 215 104 18 58 71 219 34 217 179 85 125 128 113 135 34  5.26774
155 1 84 164 157 182 136 40 70 136 162 179 171 24 215 243 73 91 129 215 108 18 24 67 203 34 216 231 117 124 160 115 131 2  6.44046
155 1 84 164 157 246 136 108 85 139 162 179 171 24 215 243 73 90 129 215 109 18 24 65 219 32 217 231 85 125 160 115 135 34  5.60421
155 1 212 237 155 178 129 108 70 199 48 59 163 24 151 51 73 91 233 215 77 210 122 79 217 34 249 225 222 85 128 81 231 42  7.61911
155 1 212 164 157 182 136 108 85 143 182 183 163 25 215 247 73 91 129 215 109 18 58 69 219 34 217 227 117 125 160 113 135 34  5.8484
155 1 220 173 159 52 137 110 69 143 178 187 170 24 215 243 73 91 33 198 104 56 56 75 219 2 249 167 85 125 128 112 131 34  7.05949
155 1 124 101 156 246 170 108 87 143 178 179 169 41 247 243 73 26 179 215 125 50 56 67 219 34 249 231 125 63 224 115 143 10  7.61911
155 1 212 164 157 246 136 108 85 143 178 179 163 24 215 243 72 91 129 215 108 16 56 69 219 2 217 227 117 125 160 112 135 34  5.18769
155 1 212 172 157 118 136 108 85 175 178 183 163 24 215 243 73 27 129 215 104 18 58 79 219 35 249 227 85 125 160 113 135 34  6.23282
156 1 85 244 189 51 136 127 85 136 170 247 139 13 215 125 91 27 145 199 105 127 30 101 251 48 203 199 85 125 192 123 151 114  8.59994
156 1 220 180 156 114 137 111 21 137 170 183 167 25 215 243 73 27 129 87 232 50 58 69 219 16 217 195 85 127 192 115 135 2  5.5089
156 1 212 164 156 243 136 111 85 136 182 183 167 24 215 115 73 91 129 215 104 50 58 69 219 50 201 195 85 125 128 113 135 34  5.34184
156 1 220 164 156 243 139 105 117 200 182 183 163 24 215 243 73 27 169 215 107 19 58 71 219 48 221 195 87 125 224 123 135 34  7.50133
156 1 220 36 158 243 141 110 125 25 183 179 167 16 223 243 72 91 161 199 104 58 56 213 155 128 219 219 87 85 130 97 161 34  7.39597
156 1 92 225 156 243 137 79 85 140 230 191 167 24 215 115 72 91 193 215 108 114 122 99 251 48 249 195 119 125 128 113 167 2  6.70282
156 1 252 180 157 186 184 111 84 234 150 63 137 25 215 115 9 91 209 211 109 51 62 71 91 63 249 195 127 125 144 121 135 2  7.90679
156 1 220 224 157 250 137 109 81 136 182 183 163 24 215 243 73 91 129 213 104 50 58 69 219 48 217 227 87 125 144 113 7 34  6.47968
156 1 220 133 60 243 141 79 85 57 199 183 167 25 215 117 107 107 169 214 108 114 120 101 251 20 217 195 101 117 112 107 197 98  9.69855
156 1 196 164 132 83 200 107 39 136 182 183 131 152 193 99 201 91 17 214 104 186 50 85 207 112 92 130 213 125 160 115 149 32  8.59994
157 1 212 12 191 247 141 102 101 139 246 183 167 16 211 243 73 123 225 214 104 154 56 197 187 34 217 227 215 21 160 113 228 98  6.60751
157 1 180 4 158 253 141 102 117 75 180 191 255 50 214 179 40 75 201 214 174 184 56 245 195 130 201 179 247 71 144 105 244 162  8.08911
157 1 124 4 158 241 137 110 68 7 55 179 231 24 67 51 64 95 65 246 108 154 56 210 219 0 211 243 213 21 162 241 238 34  6.70282
157 1 212 165 222 245 132 174 101 11 230 178 234 16 243 243 88 91 121 238 105 152 10 208 219 65 221 169 199 5 160 96 244 34  6.92596
157 1 220 132 220 247 128 106 101 143 55 183 231 18 91 35 73 91 113 214 109 146 56 212 217 162 223 227 215 69 162 225 228 34  6.33126
157 1 228 20 159 219 200 100 97 137 190 211 227 16 214 247 73 123 249 215 106 146 57 195 251 98 157 166 215 76 128 113 167 162  7.75264
157 1 86 20 158 211 143 98 2 72 23 147 199 50 80 115 233 75 121 212 174 178 57 199 27 224 155 166 255 71 169 123 52 34  8.59994
157 1 212 101 151 243 133 108 101 199 165 19 226 18 151 179 64 95 233 207 109 202 88 245 211 224 177 184 214 0 160 81 228 34  6.60751
157 1 212 4 159 247 141 102 101 203 182 179 135 18 215 243 73 123 113 214 121 186 56 213 155 96 217 163 215 69 160 113 165 34  6.47968
157 1 84 149 254 87 199 122 181 239 252 183 111 50 86 189 111 111 115 86 179 50 48 241 185 224 127 171 87 7 229 121 245 162  8.59994
158 1 84 20 159 180 139 110 81 203 182 183 139 25 87 247 73 91 241 215 105 48 56 193 155 2 217 231 93 87 160 97 164 98  6.33126
158 1 244 36 155 242 160 110 86 199 49 35 235 25 87 55 9 89 249 215 77 50 56 247 217 34 249 231 84 80 224 81 230 34  7.75264
158 1 80 36 159 117 144 110 81 43 48 183 171 25 87 55 72 27 177 215 108 32 56 223 145 10 217 231 85 85 224 96 134 34  6.65403
158 1 220 36 159 239 151 98 71 15 53 135 203 18 95 115 40 221 121 223 61 178 56 215 217 134 219 231 222 87 163 115 244 34  8.59994
158 1 220 36 159 241 131 110 113 27 54 183 167 24 215 115 72 91 177 151 104 56 56 213 153 2 217 231 85 85 160 97 166 34  6.65403
158 1 20 84 159 243 146 111 51 202 63 115 227 24 86 118 40 89 177 223 72 50 57 247 25 54 153 166 83 86 128 81 39 50  7.75264
158 1 220 116 151 102 131 110 54 202 179 183 171 24 78 243 73 219 179 215 232 50 56 213 153 10 249 231 85 23 224 115 167 34  7.30066
158 1 84 36 155 100 146 106 81 11 50 163 171 24 215 243 72 90 177 215 104 48 56 209 153 2 217 167 53 116 160 96 135 34  6.40272
158 1 212 166 222 119 211 106 111 235 51 183 227 153 71 99 72 27 51 223 233 176 56 215 137 78 217 230 69 69 161 225 166 34  6.92596
158 1 220 38 159 30 219 122 3 75 50 183 99 28 67 226 74 155 49 222 232 16 56 245 171 34 152 167 85 69 224 97 142 64  8.31226
159 1 212 36 157 182 136 108 85 139 186 183 131 25 215 247 73 91 129 215 105 16 56 69 219 2 217 227 125 61 128 113 135 34  5.98498
159 1 220 38 156 53 136 42 84 139 178 183 163 153 199 99 75 91 129 199 237 18 60 69 203 2 216 227 117 61 160 113 142 2  5.62101
159 1 212 36 156 180 136 106 85 171 162 182 162 25 215 51 73 91 129 215 108 34 56 71 203 0 217 227 117 53 160 112 134 2  5.63811
159 1 212 36 156 183 136 108 85 139 178 183 167 25 215 115 75 91 129 215 109 50 60 69 219 2 219 227 117 117 160 97 142 66  5.96088
159 1 212 36 156 182 136 108 85 139 178 183 163 25 215 115 73 91 129 215 109 18 56 69 219 2 217 227 85 61 160 113 134 2  5.36782
159 1 212 96 156 182 8 108 81 10 162 183 163 25 215 243 73 91 129 213 108 2 40 69 219 0 209 227 113 61 160 113 7 2  6.33126
159 1 196 108 158 178 168 237 82 138 182 191 171 57 215 243 65 91 193 255 110 18 58 71 203 50 221 215 117 61 192 121 7 3  8.59994
159 1 84 32 156 182 136 108 85 139 162 183 171 25 215 243 73 90 129 215 109 18 24 65 219 0 217 231 117 61 160 115 135 2  5.6555
159 1 244 164 156 182 136 111 87 139 178 183 169 25 215 115 73 27 145 215 109 50 56 71 219 34 249 199 117 125 160 113 134 2  6.40272
159 1 212 108 156 54 136 104 85 142 178 183 163 57 215 115 73 91 129 215 109 18 56 69 203 34 217 227 117 61 160 113 135 2  6.20204
160 1 212 36 159 244 137 110 69 75 186 179 163 24 214 243 73 123 241 247 120 50 57 199 155 66 153 242 95 28 128 113 39 34  6.70282
160 1 244 20 159 254 137 102 85 11 177 147 163 24 87 119 41 91 193 215 108 32 56 199 211 2 209 243 87 31 160 113 164 34  6.36635
160 1 212 4 159 244 137 110 85 11 176 178 163 24 215 243 73 91 161 245 104 34 56 69 155 2 209 227 87 29 160 113 167 34  6.06097
160 1 124 12 159 246 137 126 84 2 177 146 167 24 87 115 9 255 97 246 236 42 57 199 219 34 211 227 84 17 162 113 44 34  7.61911
160 1 212 68 159 246 138 106 85 47 176 150 167 24 119 119 9 91 161 247 104 34 104 197 155 42 209 227 85 17 224 113 167 34  6.47968
160 1 220 4 150 246 137 110 82 2 181 163 171 16 206 115 9 94 241 213 232 34 56 197 217 130 209 246 83 23 162 113 37 2  7.61911
160 1 92 4 159 246 137 110 87 2 160 130 235 8 247 243 65 90 241 247 105 146 8 195 211 42 209 231 71 25 160 115 38 34  6.9905
160 1 220 76 150 182 137 110 86 168 181 178 131 24 79 115 41 91 225 247 236 98 120 197 11 42 241 227 69 23 162 121 172 2  7.50133
160 1 212 148 159 126 139 108 17 107 240 19 227 16 119 243 8 123 177 215 104 162 58 103 155 103 209 235 83 15 224 97 167 34  7.39597
160 1 212 52 27 254 8 236 23 107 176 130 163 24 247 243 41 89 241 179 104 34 56 71 154 31 241 163 67 25 16 113 167 34  7.05949
33 0 220 140 158 247 144 106 87 175 52 183 167 16 215 115 8 91 113 214 109 34 56 205 137 46 249 231 117 85 160 240 164 34  0
33 0 212 156 157 247 136 110 85 191 180 190 134 17 215 119 9 91 129 215 109 34 120 205 219 46 233 227 119 21 160 112 133 42  0
33 0 212 204 61 191 136 79 85 189 180 62 135 17 247 119 8 91 193 215 109 98 120 197 91 63 225 227 127 21 48 113 132 98  0
33 0 216 165 159 117 154 107 85 175 54 183 174 56 87 55 8 83 49 214 236 160 120 221 233 14 249 231 117 21 160 112 134 106  0
33 0 208 156 157 247 184 110 85 191 54 191 174 24 247 119 8 83 145 215 109 32 56 205 219 63 249 231 117 85 160 96 134 43  0
33 0 212 140 157 247 136 110 69 191 182 179 162 24 247 115 8 91 1 214 108 42 120 205 219 47 233 227 117 20 160 112 132 42  0
33 0 208 149 29 254 136 78 85 191 180 62 162 24 247 119 8 83 129 214 109 34 120 77 219 29 249 227 117 20 32 112 132 42  0
33 0 208 220 157 246 168 78 85 191 176 190 166 24 247 119 1 91 129 247 109 34 104 77 219 43 241 227 117 17 32 112 135 42  0
33 0 208 12 159 245 136 110 85 167 180 182 162 16 247 55 1 91 225 247 109 32 120 205 211 46 249 227 119 17 160 112 164 42  0
33 0 220 140 156 247 136 110 85 191 182 182 166 25 215 119 3 91 129 214 109 42 120 205 219 46 235 227 117 21 160 241 132 106  0
261 1 124 172 222 247 178 234 87 183 180 143 231 48 119 247 40 81 51 254 109 32 56 223 129 63 251 231 116 17 160 225 166 43  8.59994
261 1 126 141 204 255 197 126 95 191 23 63 95 26 91 127 57 205 241 222 183 170 120 248 91 179 255 247 215 149 182 253 188 34  9.69855
261 1 92 140 156 255 153 42 71 174 55 51 135 16 215 35 8 89 113 214 109 42 56 201 201 38 251 231 84 85 178 240 164 42  7.1336
261 1 220 132 158 247 152 106 87 175 180 183 167 16 215 115 8 91 113 214 109 34 56 205 137 46 249 227 119 85 160 112 164 34  5.57142
261 1 244 156 220 247 208 106 95 187 51 183 230 27 87 119 8 81 121 215 237 178 120 220 89 46 251 231 245 85 165 241 230 98  7.61911
261 1 220 132 156 247 129 106 69 171 52 55 167 16 95 115 8 91 33 214 232 170 56 213 41 37 251 227 85 85 162 224 172 34  7.05949
261 1 220 134 20 113 147 106 101 191 54 23 239 144 207 99 10 213 115 6 236 40 58 204 27 31 234 231 85 85 162 128 173 32  8.08911
261 1 220 149 149 183 165 110 85 191 53 187 135 16 223 119 8 91 243 215 125 162 56 201 217 238 249 247 119 84 162 224 164 35  7.50133
261 1 156 140 62 251 144 239 87 250 54 23 238 16 119 115 43 89 243 211 77 58 58 197 25 63 251 239 117 85 176 241 164 34  7.30066
261 1 84 140 158 247 152 106 87 175 54 183 162 17 247 99 8 91 51 247 109 34 56 217 137 46 249 231 117 21 160 240 134 42  6.11503
262 1 212 188 189 247 168 110 87 191 182 190 130 25 247 119 9 91 129 87 125 34 120 205 219 46 233 227 117 20 160 112 135 123  5.91436
262 1 220 156 157 245 168 110 85 191 180 186 134 24 215 119 9 91 129 215 109 42 120 205 219 46 233 227 119 20 160 112 133 43  5.58768
262 1 212 156 159 183 138 110 21 175 180 182 162 17 247 119 9 91 161 119 105 34 120 237 155 46 233 163 119 20 224 113 165 34  6.75411
262 1 212 220 157 247 136 110 85 191 180 183 134 17 247 119 9 91 129 87 109 34 120 205 219 45 233 227 119 21 160 113 133 106  5.29183
262 1 212 204 158 183 140 110 87 175 182 182 134 17 215 127 11 91 225 215 109 35 120 205 219 46 249 231 127 21 160 121 141 66  6.40272
262 1 220 132 156 181 136 46 85 191 180 190 134 25 215 115 9 91 129 215 109 34 120 197 203 14 233 227 127 21 160 112 133 10  6.17219
262 1 212 220 159 247 170 106 85 191 180 190 166 48 215 119 9 91 163 247 109 34 120 205 139 46 233 227 117 21 160 113 133 43  6.08763
262 1 212 212 189 245 136 110 85 191 164 190 166 16 215 55 8 91 129 215 125 34 120 197 123 12 241 227 119 21 32 112 133 114  6.26457
262 1 148 254 119 83 152 143 45 247 188 182 167 149 207 103 12 31 39 245 105 186 112 221 59 94 233 130 87 84 67 176 167 178  9.00541
262 1 172 157 221 251 232 98 31 191 150 187 186 176 213 115 137 91 79 215 254 242 121 72 75 50 108 227 247 213 186 240 132 179  9.69855
263 1 212 196 61 255 136 110 85 175 180 54 167 16 247 119 8 91 193 215 109 34 120 197 123 63 225 227 117 21 48 113 132 98  5.98498
263 1 220 109 62 126 138 135 30 165 180 178 195 24 247 125 1 107 133 119 121 99 120 221 91 62 225 227 93 16 32 241 162 2  8.59994
263 1 220 220 61 255 170 75 87 188 180 62 182 57 247 119 9 91 131 87 109 98 104 101 75 63 225 227 117 21 48 121 133 43  6.80818
263 1 208 133 45 251 140 75 93 185 132 62 135 17 215 55 8 75 64 151 125 226 120 77 75 29 225 227 250 213 48 8 148 98  7.1336
263 1 212 149 60 191 136 78 85 185 164 54 135 17 215 119 10 91 129 213 109 99 120 69 91 29 225 227 111 85 48 32 133 98  6.11503
263 1 212 196 173 191 136 102 93 191 180 54 135 17 247 103 8 91 197 215 125 162 120 69 219 63 225 227 255 21 48 240 132 114  5.98498
263 1 28 148 4 189 141 38 93 59 21 22 95 19 95 119 40 79 93 146 191 170 120 84 91 148 195 227 223 5 182 236 180 34  9.69855
263 1 84 4 30 191 8 111 85 43 180 182 134 1 247 119 9 91 209 247 109 34 104 193 91 29 209 227 251 21 48 121 36 18  7.50133
263 1 212 220 28 191 136 79 87 188 180 62 135 17 215 119 10 91 193 215 109 98 104 197 91 63 241 227 127 21 48 113 133 66  5.93735
263 1 212 204 191 191 140 111 87 172 182 182 131 19 247 119 9 75 241 215 109 227 120 197 91 47 249 227 255 21 160 123 180 98  6.65403
264 1 216 166 221 113 154 107 37 175 54 55 238 184 87 39 8 25 49 215 236 160 56 220 233 87 253 135 117 85 160 64 135 98  6.86534
264 1 144 143 220 87 154 43 53 39 248 182 171 18 71 33 4 3 35 215 104 34 112 253 9 78 249 130 117 21 97 96 167 2  9.69855
264 1 216 165 157 117 136 106 85 63 48 182 174 24 215 55 0 83 33 214 108 32 120 217 193 14 249 231 117 21 224 96 134 42  6.70282
264 1 216 167 142 37 154 107 53 239 54 183 238 189 67 39 10 83 49 214 232 160 120 223 201 15 253 167 117 85 161 112 134 122  6.86534
264 1 216 191 30 116 170 106 21 55 184 190 174 184 247 51 64 19 35 247 236 32 120 205 129 14 248 163 117 19 224 96 135 43  9.69855
264 1 252 21 159 228 153 126 87 255 53 142 190 58 78 119 41 215 241 214 236 176 121 195 57 206 251 247 247 23 162 120 228 51  8.31226
264 1 252 173 189 117 146 107 87 191 180 166 174 57 215 55 1 83 51 246 109 50 56 205 233 46 249 231 101 85 160 112 134 106  7.39597
264 1 252 5 215 237 137 98 69 175 53 182 238 144 67 55 11 223 121 214 232 162 120 215 249 10 249 227 213 21 163 112 228 98  7.75264
264 1 216 181 255 119 170 106 87 191 49 166 231 56 127 119 8 19 51 246 236 34 120 221 171 47 251 231 117 19 96 112 134 43  7.75264
264 1 116 189 221 117 154 107 23 175 50 162 170 120 119 119 1 19 53 247 236 162 120 203 217 46 249 231 101 23 225 114 134 42  7.90679
265 1 216 190 156 117 56 46 85 63 48 175 174 57 247 39 0 83 133 247 109 32 56 205 209 14 251 231 117 17 224 224 6 11  6.9905
265 1 88 135 29 255 184 110 85 59 166 31 175 17 247 119 8 83 209 151 109 32 122 201 91 31 233 231 113 85 176 226 132 35  7.75264
265 1 80 151 156 173 152 111 85 191 38 255 142 20 215 115 10 83 113 198 109 40 89 201 123 29 249 167 117 85 184 98 132 114  7.90679
265 1 208 244 189 119 184 79 85 188 246 253 162 29 247 127 8 83 133 71 109 112 122 233 251 61 233 235 117 84 224 0 199 122  7.90679
265 1 212 188 157 127 184 79 87 191 54 191 174 24 247 119 8 83 145 246 109 40 56 205 251 63 249 231 117 84 160 240 134 42  5.91436
265 1 208 156 157 253 168 111 85 191 182 191 162 24 247 119 64 91 129 215 109 32 120 77 219 31 217 227 117 117 176 112 135 43  6.65403
265 1 212 149 157 183 184 110 87 191 182 187 170 24 247 119 8 83 179 215 109 32 120 203 219 63 249 231 119 20 160 112 167 43  7.1336
265 1 208 148 157 183 184 110 85 191 182 191 166 25 247 119 8 91 129 215 109 32 56 205 219 47 249 227 117 85 160 96 134 59  6.80818
265 1 208 148 156 237 56 78 81 59 54 175 174 24 215 55 0 83 145 213 109 32 56 205 209 15 217 231 117 21 32 224 4 43  6.65403
265 1 212 157 157 247 184 239 87 187 182 191 175 56 247 119 8 83 145 247 108 34 120 201 219 63 233 231 117 85 160 115 132 51  6.86534
266 1 212 140 157 247 136 110 71 191 182 178 162 24 247 115 9 91 129 214 108 42 120 205 219 47 233 227 117 20 160 113 134 42  5.42189
266 1 84 201 157 255 136 78 71 172 182 183 130 16 247 115 72 91 65 214 105 90 122 201 219 37 233 227 247 84 160 112 133 42  7.21365
266 1 208 132 156 55 136 42 69 47 54 183 162 25 247 35 0 91 1 198 108 32 56 205 203 46 201 227 117 21 160 96 132 10  6.40272
266 1 220 173 150 117 137 106 69 163 161 180 166 24 255 99 1 27 1 230 104 120 56 201 219 44 233 242 69 21 162 224 6 42  6.9905
266 1 208 140 157 245 136 110 85 191 182 179 162 24 247 115 0 91 129 246 108 8 56 205 219 47 201 227 117 20 160 112 132 42  5.96088
266 1 212 220 157 247 136 110 69 175 180 147 162 16 247 119 9 123 33 215 108 40 121 205 123 41 233 163 119 16 160 112 133 42  6.26457
266 1 220 156 157 119 136 110 85 191 182 183 166 24 247 119 8 91 1 214 108 42 120 77 251 63 233 227 117 84 160 240 132 106  6.26457
266 1 220 140 140 191 172 42 77 191 182 178 146 24 247 99 9 91 91 199 125 162 120 197 203 63 248 243 255 148 164 240 128 8  7.21365
266 1 212 140 157 247 152 110 71 191 182 179 139 16 247 115 9 91 17 86 108 58 56 205 91 47 233 167 117 84 160 113 133 34  6.33126
266 1 220 141 156 181 136 46 70 191 182 186 170 24 247 115 0 83 129 198 108 40 120 73 203 47 249 227 117 20 160 112 128 10  6.75411
267 1 248 132 29 189 172 78 85 191 148 126 130 25 247 119 10 91 193 70 109 44 120 77 83 31 225 243 116 20 16 216 132 74  6.86534
267 1 216 157 31 252 168 110 85 55 176 26 162 24 247 51 0 83 128 246 108 40 120 77 147 13 241 227 112 16 32 224 134 42  8.08911
267 1 216 149 31 254 136 78 85 63 180 18 163 16 247 119 40 83 241 215 109 34 120 199 27 15 241 227 118 24 32 96 167 42  6.47968
267 1 240 185 159 255 12 79 81 62 182 185 226 24 215 247 0 123 225 246 111 0 57 253 219 61 221 227 117 84 176 40 196 42  9.00541
267 1 216 197 29 254 8 70 69 189 180 30 135 16 247 119 8 83 64 150 109 234 120 77 91 29 241 227 246 16 48 160 164 42  6.36635
267 1 208 149 29 247 168 78 85 189 180 62 163 24 215 115 8 83 129 23 109 98 120 77 91 29 233 227 117 84 32 0 133 35  6.08763
267 1 216 157 189 254 168 78 85 191 164 30 134 24 247 119 8 91 65 246 125 42 120 73 251 45 249 227 117 28 32 240 164 122  6.29735
267 1 212 220 61 124 138 102 85 238 182 22 166 24 119 119 8 123 161 215 105 34 122 71 123 63 249 227 85 95 176 113 167 34  7.90679
267 1 208 133 157 244 136 78 85 191 162 182 170 24 247 55 8 83 129 214 109 34 120 73 219 29 249 227 117 20 32 112 132 42  6.29735
267 1 208 213 61 255 168 78 85 191 180 62 166 24 247 119 8 83 129 214 109 98 104 77 251 61 233 227 117 20 32 112 132 106  5.93735
268 1 212 220 159 246 168 78 85 190 178 190 166 24 247 119 1 91 129 247 109 98 104 77 219 47 249 227 117 20 32 113 133 43  6.00967
268 1 208 220 157 246 136 78 85 183 176 190 166 24 247 119 1 91 129 247 109 34 104 77 251 40 209 227 117 17 32 112 135 106  5.98498
268 1 216 45 157 245 168 78 85 55 176 174 170 24 247 55 0 83 128 247 109 0 120 201 209 10 227 227 116 17 32 224 134 42  7.1336
268 1 216 157 159 118 170 78 85 183 160 190 166 24 247 119 0 83 163 247 109 98 120 73 155 45 249 227 101 16 32 112 135 43  7.1336
268 1 208 212 159 254 10 100 21 175 176 30 166 16 247 119 8 91 163 215 109 162 104 69 219 43 209 227 126 25 32 112 167 42  7.61911
268 1 208 92 158 118 170 106 85 191 176 182 166 56 247 119 1 91 39 247 108 34 104 197 155 42 243 227 117 17 32 240 135 59  6.86534
268 1 208 92 157 246 170 106 85 183 176 190 166 56 247 55 1 91 163 247 109 2 104 77 195 42 209 227 117 17 160 240 135 43  6.60751
268 1 240 221 31 253 188 207 87 183 182 170 230 56 247 247 0 89 193 247 125 98 104 253 81 63 241 231 117 17 32 120 134 43  8.31226
268 1 208 196 157 247 168 78 85 191 176 190 166 24 247 119 9 91 129 215 109 34 104 69 219 43 225 227 117 21 32 112 134 106  5.80673
268 1 212 92 159 254 160 110 117 51 176 146 99 17 247 247 33 91 177 119 105 34 96 197 154 43 225 163 85 0 64 113 231 58  8.31226
269 1 212 140 159 245 141 102 69 167 180 187 194 18 215 51 32 75 233 214 105 176 120 221 83 38 249 227 214 85 160 120 180 34  7.21365
269 1 52 126 157 223 202 110 183 222 150 214 232 55 224 119 65 75 77 254 235 210 41 254 219 40 127 162 215 19 177 121 164 250  8.31226
269 1 208 13 159 246 138 110 85 167 180 182 162 24 247 247 1 91 161 247 105 32 120 201 147 46 249 227 119 17 160 112 167 42  6.75411
269 1 84 21 158 189 140 110 85 63 164 183 234 25 215 59 9 90 241 247 125 33 56 205 209 12 249 231 255 21 160 122 148 10  7.75264
269 1 208 60 191 245 168 110 85 55 180 254 166 25 247 63 1 27 137 247 125 32 56 237 209 14 249 227 119 17 192 112 135 122  7.39597
269 1 216 20 188 253 136 110 85 59 246 183 166 17 215 55 3 91 225 246 109 160 56 205 211 46 219 239 247 21 160 96 204 42  8.08911
269 1 208 12 159 245 136 110 85 39 180 182 162 16 247 55 1 91 225 247 109 32 40 205 211 14 209 227 117 17 160 112 36 42  6.36635
269 1 208 77 159 245 136 78 85 167 180 182 162 16 247 55 1 91 33 247 109 66 104 205 219 44 249 227 119 17 32 113 165 42  6.92596
269 1 208 233 159 244 136 78 85 182 166 182 162 24 247 55 65 123 129 247 105 88 120 77 243 44 201 163 85 16 128 241 165 42  8.31226
269 1 80 132 142 117 137 106 68 175 182 183 162 17 211 35 0 91 97 246 104 160 56 201 219 12 217 227 215 21 160 96 172 10  7.21365
270 1 220 204 156 247 137 122 69 182 181 55 135 16 255 55 10 255 65 214 232 58 56 205 251 37 203 227 85 85 162 241 140 106  8.31226
270 1 220 132 188 245 168 110 85 191 182 190 166 25 215 119 11 91 129 214 109 42 120 205 251 46 251 227 117 21 160 240 132 98  5.78653
270 1 244 190 252 119 200 110 87 190 178 183 166 25 115 103 3 91 1 246 109 186 120 222 251 42 251 163 117 21 224 241 198 106  6.86534
270 1 220 206 156 191 136 46 87 190 182 182 166 25 247 99 11 91 65 231 237 34 120 197 203 63 251 227 117 21 160 241 140 10  6.5205
270 1 212 140 156 183 136 110 85 191 182 183 167 25 247 119 11 91 129 214 109 34 120 77 219 47 235 227 117 85 160 113 132 74  6.08763
270 1 216 76 156 245 136 110 85 191 182 182 166 25 215 55 3 91 129 214 109 42 104 205 211 46 251 227 117 21 160 240 132 106  6.26457
270 1 252 30 222 247 186 43 86 146 182 174 191 189 159 63 35 83 135 247 205 18 108 237 73 42 227 227 53 145 224 249 204 19  8.31226
270 1 220 157 61 252 136 204 85 185 181 222 134 25 247 119 3 91 1 246 125 106 120 77 243 47 249 162 117 88 34 161 164 123  9.69855
270 1 220 140 189 247 188 111 87 191 183 183 174 24 247 119 1 91 129 246 109 58 56 205 123 62 235 255 117 21 160 241 196 42  6.80818
270 1 216 92 188 117 168 126 85 55 180 190 166 29 247 55 3 91 1 230 237 8 104 205 243 46 235 235 117 17 160 240 204 122  7.39597
34 0 212 108 159 244 138 106 85 130 176 182 162 56 215 179 65 91 163 245 109 2 40 197 131 42 209 227 119 17 160 113 7 34  0
34 0 84 4 157 181 138 106 21 139 182 183 138 25 215 55 65 91 161 215 109 49 56 69 203 2 217 231 127 21 160 113 133 34  0
34 0 212 68 156 180 136 106 85 170 160 182 131 25 215 119 75 91 161 213 109 34 104 69 219 0 209 227 127 21 160 113 5 2  0
34 0 212 68 157 181 136 110 21 138 190 182 130 17 215 119 73 91 163 85 109 34 40 69 219 2 193 227 127 21 160 113 5 34  0
34 0 212 92 159 181 170 106 21 170 182 182 130 57 215 119 73 91 163 215 109 34 104 69 139 42 217 227 127 21 160 113 133 35  0
34 0 208 36 157 245 10 106 85 43 182 182 162 25 215 51 65 91 35 213 109 32 40 197 195 8 217 227 117 21 160 96 7 42  0
34 0 212 108 223 245 138 106 53 138 178 182 166 184 95 119 65 91 35 213 105 178 40 213 139 42 217 227 87 21 160 113 39 34  0
34 0 212 116 157 183 138 107 7 136 182 178 131 153 215 119 73 75 51 213 105 179 41 69 219 34 217 130 111 52 160 113 7 50  0
34 0 212 110 156 181 168 106 85 138 178 182 130 25 215 103 65 91 129 213 109 50 40 69 203 34 217 227 125 21 160 113 7 2  0
34 0 212 132 157 181 138 106 29 171 182 183 131 177 215 103 73 91 99 215 109 162 56 69 203 2 217 163 255 21 160 113 133 34  0
371 1 220 44 222 119 138 106 119 130 186 182 230 56 223 179 65 155 35 255 237 2 40 213 201 42 222 231 117 37 224 241 15 170  7.90679
371 1 212 124 159 181 138 234 17 130 190 178 162 24 215 179 65 91 163 117 108 82 40 197 147 32 217 163 119 20 160 113 7 35  6.86534
371 1 212 8 159 245 10 106 81 2 164 182 162 16 215 51 1 91 163 245 108 2 40 197 131 8 209 227 115 17 160 113 37 34  6.56306
371 1 212 44 158 180 170 42 84 34 184 186 162 89 247 179 65 91 163 245 108 2 104 197 131 10 208 227 117 16 32 113 3 3  6.44046
371 1 220 124 159 244 170 106 85 150 176 182 162 56 215 55 65 91 163 247 109 2 104 69 131 34 209 227 117 17 160 113 7 43  6.65403
371 1 212 124 159 244 170 106 21 130 184 190 162 56 215 247 65 91 163 119 109 2 32 197 138 34 209 163 119 19 160 113 7 35  6.47968
371 1 252 12 222 245 202 42 85 34 176 183 230 17 87 35 3 91 99 247 109 0 56 223 195 32 222 227 119 1 160 241 110 2  8.31226
371 1 212 108 158 246 136 106 85 162 176 182 162 25 215 243 1 91 163 245 109 34 104 69 139 42 209 163 119 17 160 113 39 34  6.47968
371 1 212 108 159 244 138 106 85 6 176 146 162 24 247 119 65 91 163 245 109 130 40 197 131 42 209 227 119 17 160 113 39 42  6.75411
371 1 212 44 159 180 10 106 81 2 176 182 134 25 215 183 65 91 163 245 109 34 40 197 147 8 209 227 123 17 160 113 7 98  6.70282
372 1 84 132 157 181 138 106 21 171 182 183 139 59 215 55 72 91 161 215 109 49 56 197 203 2 217 163 127 85 160 96 133 34  5.82735
372 1 86 102 236 53 170 106 189 175 58 183 139 187 199 236 223 159 51 207 237 183 60 245 207 10 204 231 255 181 231 245 159 198  0
372 1 84 49 159 167 234 239 127 217 191 182 139 13 222 243 105 90 251 253 127 123 24 211 219 216 253 183 111 124 128 107 165 50  9.69855
372 1 212 44 141 177 136 106 13 143 178 182 130 25 215 39 65 91 129 215 109 177 56 69 203 2 201 227 255 125 160 113 135 98  7.30066
372 1 92 70 253 233 191 243 81 158 87 183 159 50 223 55 235 239 115 148 174 184 43 37 235 214 219 247 51 95 182 253 45 98  9.69855
372 1 84 12 157 181 138 106 21 139 182 183 138 25 215 55 65 91 161 215 125 145 56 69 219 2 217 231 127 21 160 113 5 98  5.86991
372 1 92 4 220 229 170 106 23 139 54 183 171 185 215 119 73 90 51 213 237 50 24 81 201 2 217 231 109 117 160 243 133 34  6.80818
372 1 242 103 202 164 194 34 95 207 49 175 138 159 71 175 91 91 249 215 125 247 120 215 201 234 248 231 191 245 165 113 190 74  9.69855
372 1 92 5 143 181 129 106 69 139 54 182 138 19 215 119 65 91 121 214 125 186 24 209 209 10 217 231 255 21 161 121 180 34  7.05949
372 1 92 92 157 249 154 99 21 158 182 191 142 48 215 115 65 74 231 87 109 176 42 197 91 50 203 231 127 85 176 113 165 35  9.00541
373 1 220 76 148 183 143 106 86 170 190 182 131 25 239 115 9 219 225 247 237 99 104 229 203 44 185 243 95 23 160 123 15 2  8.59994
373 1 216 93 156 181 138 38 28 190 164 190 130 21 215 51 67 91 165 215 237 227 104 205 211 44 241 227 255 21 40 113 9 10  9.00541
373 1 212 64 140 183 136 106 92 168 166 182 131 153 199 111 75 91 225 213 237 163 108 69 219 0 209 227 127 21 160 113 13 2  6.9905
373 1 212 20 158 189 188 111 85 43 164 191 139 27 247 115 9 91 225 247 109 178 56 197 91 14 209 227 251 85 176 121 53 2  9.69855
373 1 92 68 159 236 139 102 87 170 162 182 138 8 215 247 9 91 241 213 109 162 8 71 219 2 241 227 79 29 160 115 37 34  7.50133
373 1 212 68 156 180 136 106 93 168 162 182 130 25 215 99 73 91 161 213 109 34 104 69 219 0 217 227 111 21 160 112 7 2  6.03499
373 1 212 68 158 180 8 106 85 10 160 182 135 25 215 119 67 91 163 213 109 34 40 69 219 0 209 227 123 21 160 113 5 2  5.69122
373 1 212 68 156 182 136 110 85 168 176 182 135 25 215 119 11 91 161 213 109 34 104 69 219 32 209 227 127 21 160 113 5 66  5.63811
373 1 212 22 188 181 138 106 93 26 184 254 134 29 215 103 75 91 163 245 109 163 40 69 211 2 193 163 255 29 160 113 7 82  7.75264
373 1 213 25 157 190 138 77 29 33 168 210 1 25 247 126 3 27 166 177 125 7 93 64 218 9 209 227 75 56 56 115 131 82  9.69855
374 1 212 12 189 245 172 107 148 171 222 186 179 122 215 126 73 107 201 213 125 227 125 101 239 50 201 227 255 55 245 121 21 35  9.69855
374 1 212 116 157 183 136 110 21 138 190 182 131 17 215 119 73 91 163 85 109 50 40 69 219 2 201 227 127 21 160 113 5 34  6.06097
374 1 212 68 191 253 138 102 61 138 190 182 135 17 213 119 9 91 35 87 121 170 32 69 187 99 209 163 127 28 160 113 39 98  7.50133
374 1 212 68 189 181 136 110 21 138 190 182 130 17 215 127 65 91 129 85 105 35 40 197 219 2 201 227 95 23 128 113 5 34  6.36635
374 1 220 76 29 253 11 106 93 128 180 54 135 17 207 87 9 75 33 245 233 162 40 133 251 130 193 227 203 17 160 113 37 98  8.59994
374 1 212 76 189 181 138 110 93 168 188 178 130 17 215 119 65 75 163 213 125 227 104 197 219 42 209 227 127 21 160 113 37 34  7.30066
374 1 212 4 159 189 8 110 1 10 180 182 130 16 215 243 9 91 193 245 109 34 40 197 91 26 209 163 123 16 176 113 37 34  7.75264
374 1 212 76 157 181 136 110 21 138 190 178 130 16 215 55 65 91 163 85 109 0 40 69 211 2 193 227 127 21 128 113 5 34  6.56306
374 1 212 84 157 245 42 106 17 10 188 182 163 49 215 119 73 91 163 85 237 34 40 69 155 2 193 227 123 23 160 113 5 99  6.86534
374 1 212 68 157 181 170 42 21 158 190 178 130 112 215 115 73 75 35 85 108 34 104 69 203 2 201 227 127 20 128 113 1 33  7.1336
375 1 84 150 153 164 42 103 29 122 58 178 139 121 215 119 64 27 183 213 125 163 120 71 155 30 217 167 123 60 48 96 39 3  9.00541
375 1 212 126 156 183 170 42 21 186 190 190 130 249 215 99 73 91 167 215 109 34 104 69 203 42 248 227 127 149 160 113 135 3  6.03499
375 1 212 124 158 180 138 110 31 170 182 178 138 185 215 119 65 91 167 247 125 162 104 69 155 42 249 227 111 52 160 113 39 51  7.61911
375 1 212 94 158 245 174 107 20 223 158 186 146 115 199 51 65 75 163 87 109 34 96 229 73 10 249 194 127 55 164 121 133 35  8.31226
375 1 220 84 223 181 170 106 21 171 182 182 130 177 215 119 9 91 35 247 109 162 104 197 139 10 209 227 127 21 160 240 165 115  6.5205
375 1 212 28 157 181 170 106 21 170 186 182 130 57 215 119 73 91 163 85 109 34 40 69 139 10 217 227 125 21 160 113 5 35  5.72826
375 1 220 220 159 244 170 106 21 186 182 190 134 48 215 119 65 91 167 87 109 34 120 69 171 42 217 227 127 21 160 113 165 35  6.08763
375 1 220 92 27 251 170 96 55 199 164 22 203 48 149 183 105 75 227 27 77 178 112 5 154 98 241 133 126 12 176 115 165 35  9.00541
375 1 212 28 159 180 170 98 21 170 190 158 130 49 215 247 1 75 163 119 109 179 56 69 139 34 249 163 127 21 128 113 165 35  7.1336
375 1 212 92 159 182 170 106 21 174 182 182 130 57 215 247 73 91 163 247 109 34 120 69 139 42 249 227 127 21 160 113 133 35  5.62101
376 1 80 160 159 181 26 75 81 41 182 176 130 41 215 115 8 83 179 245 109 32 40 193 203 12 217 227 101 21 32 32 5 34  7.30066
376 1 216 44 188 117 136 106 85 15 54 182 166 25 151 39 65 91 35 212 109 24 104 213 227 8 203 227 117 21 160 240 6 106  7.30066
376 1 208 44 157 165 138 78 21 47 178 178 130 9 215 39 65 91 163 213 109 32 104 77 211 10 217 227 125 52 168 112 3 10  7.21365
376 1 84 32 158 229 42 107 81 10 62 183 231 57 215 55 0 90 51 157 109 32 8 213 193 24 221 231 115 21 160 97 7 35  7.90679
376 1 212 48 157 181 46 105 81 27 191 186 178 120 151 147 65 91 231 181 125 49 40 101 211 130 209 247 255 60 160 104 21 35  9.00541
376 1 208 54 156 117 170 106 21 43 184 190 162 57 215 51 65 91 163 85 109 32 40 205 129 8 217 227 117 21 160 96 7 43  7.50133
376 1 212 4 156 181 136 106 85 43 182 182 134 25 215 35 1 91 35 246 109 0 40 197 195 8 217 227 117 21 160 96 4 42  6.60751
376 1 216 36 159 245 8 106 81 43 182 178 162 17 215 55 64 91 163 213 109 32 40 205 211 10 217 227 123 21 160 96 7 34  7.30066
376 1 84 32 157 229 10 106 65 26 182 182 162 24 215 51 65 91 35 213 108 48 8 69 195 2 209 166 113 20 160 96 7 42  7.50133
376 1 212 36 253 245 10 106 89 2 177 182 166 27 215 127 65 91 35 213 125 178 40 69 195 0 219 227 241 21 164 225 68 98  8.59994
377 1 52 36 155 225 146 99 34 66 54 161 170 34 19 183 65 120 121 220 104 144 9 211 193 10 217 135 55 85 161 67 38 34  8.59994
377 1 220 47 159 246 162 106 55 179 176 175 175 185 127 231 65 91 55 247 237 178 56 217 129 42 249 231 111 149 160 243 167 43  0
377 1 20 46 238 117 146 106 51 202 54 182 142 129 67 231 67 26 51 254 232 186 56 213 173 42 221 135 87 69 225 241 39 98  7.90679
377 1 84 44 254 255 138 234 61 234 186 182 135 187 247 255 105 75 115 247 237 163 40 219 207 104 217 227 255 61 165 113 39 106  9.69855
377 1 212 108 223 245 138 106 53 138 178 182 166 184 95 119 65 91 35 213 105 178 40 213 139 42 217 227 87 21 160 113 39 34  5.93735
377 1 20 69 254 117 134 106 181 207 124 183 103 50 82 61 47 111 115 86 163 50 48 241 41 128 123 175 87 7 229 121 229 162  8.31226
377 1 221 92 159 245 139 126 54 130 254 242 134 16 222 179 65 239 35 117 248 58 33 229 153 42 153 227 71 22 170 113 41 50  9.69855
377 1 220 77 215 245 143 98 36 143 150 178 162 178 77 35 97 207 99 86 168 160 120 213 195 130 233 227 223 23 179 248 165 32  9.00541
377 1 220 238 158 183 178 106 127 135 182 183 134 144 207 99 67 219 51 247 237 154 120 213 201 42 232 227 119 21 162 241 143 42  8.59994
377 1 212 42 159 117 170 106 49 138 190 182 163 177 215 99 65 91 39 85 236 18 40 245 139 96 209 227 119 21 224 113 7 34  8.31226
378 1 212 116 157 183 138 110 55 136 186 242 131 253 215 247 73 91 55 85 105 115 33 69 155 98 217 162 111 20 168 115 7 50  7.39597
378 1 220 126 205 63 203 110 165 223 126 251 235 91 210 49 75 191 121 223 235 179 43 247 219 66 253 38 127 28 235 115 167 162  8.59994
378 1 148 224 157 187 138 98 7 136 182 182 131 147 215 231 73 75 113 213 105 243 58 69 219 32 217 163 111 117 160 115 165 34  6.80818
378 1 212 244 141 177 10 111 13 152 182 246 131 221 215 71 73 27 55 197 104 182 59 69 219 16 205 131 111 116 168 161 3 48  8.08911
378 1 212 124 157 181 138 107 13 138 178 178 130 185 213 119 73 75 51 215 109 179 41 69 219 42 217 130 255 180 160 113 7 50  6.86534
378 1 84 60 159 190 139 106 23 72 182 166 131 41 215 247 105 90 51 113 105 50 41 65 155 26 249 134 79 16 160 115 39 114  7.90679
378 1 220 228 149 247 139 106 134 204 119 178 162 18 223 115 73 239 51 215 120 227 105 101 219 225 177 226 95 30 99 115 163 34  8.31226
378 1 220 116 189 245 143 111 157 190 190 186 146 91 222 127 65 235 223 213 127 179 105 71 219 138 221 130 255 180 172 121 179 59  9.69855
378 1 212 116 253 183 170 107 23 138 58 246 131 185 215 119 73 59 51 85 105 51 113 85 255 2 253 131 79 53 164 121 135 114  7.90679
378 1 20 124 189 235 138 99 23 216 22 242 129 11 85 119 65 11 93 213 123 243 41 71 91 58 217 130 207 60 181 123 37 50  8.08911
379 1 212 108 156 181 136 106 85 138 178 182 130 25 215 119 65 91 129 213 109 50 40 69 203 34 217 227 125 21 160 113 7 2  5.52416
379 1 86 111 140 149 140 98 133 142 226 182 142 163 192 224 215 75 65 198 104 177 92 67 207 32 152 39 255 189 132 113 188 68  9.69855
379 1 212 110 156 55 138 42 20 138 178 182 130 153 199 103 73 91 129 215 109 50 40 69 203 34 217 227 125 53 160 113 134 2  6.33126
379 1 116 46 140 57 154 171 83 146 54 174 138 141 131 33 67 88 73 230 237 212 24 216 193 50 220 231 49 241 241 233 6 82  8.08911
379 1 252 170 140 191 40 74 91 184 183 180 131 145 199 71 83 83 69 245 109 214 104 197 203 54 217 227 235 213 32 161 4 98  7.90679
379 1 148 110 28 241 56 207 81 142 134 189 130 9 183 23 65 75 201 81 109 80 42 77 67 60 233 195 253 85 144 25 4 42  8.59994
379 1 212 126 156 181 170 42 20 191 178 190 130 189 199 99 67 91 151 197 109 39 44 69 203 10 216 227 125 181 160 113 15 3  7.05949
379 1 212 46 156 181 170 42 81 154 178 191 130 249 215 35 65 91 135 213 109 18 40 69 203 2 216 227 125 21 160 113 7 3  6.26457
379 1 220 38 156 245 168 42 93 154 182 182 134 24 223 99 11 91 163 213 109 58 40 197 203 10 219 227 125 21 160 241 12 2  6.47968
379 1 222 111 173 245 168 99 221 155 182 190 154 251 223 47 81 75 95 255 253 191 58 94 203 154 237 247 255 181 182 249 21 107  9.69855
380 1 212 128 156 191 10 98 89 136 182 183 131 177 215 103 9 91 115 213 109 178 56 69 203 17 217 227 235 85 160 99 37 34  6.70282
380 1 212 85 253 237 142 98 157 143 150 178 130 18 81 255 105 75 123 87 57 240 120 69 147 130 121 170 223 28 181 121 164 34  7.39597
380 1 220 237 157 183 138 42 109 175 182 183 130 145 213 103 73 91 35 199 125 254 120 69 139 42 253 227 255 149 160 241 167 42  8.08911
380 1 84 239 159 231 154 106 95 143 182 167 143 129 215 247 73 90 115 247 109 163 24 195 219 34 249 167 239 29 160 115 165 50  9.69855
380 1 84 142 142 53 138 34 85 171 180 183 174 177 195 99 131 91 99 198 108 164 60 205 239 4 218 163 245 213 160 225 172 66  8.31226
380 1 212 198 156 181 138 106 29 175 182 183 130 177 215 103 9 91 227 215 109 162 56 197 203 8 217 227 127 21 160 112 133 34  6.03499
380 1 84 196 233 39 66 106 100 10 42 183 107 147 65 46 92 90 113 205 43 163 0 212 221 64 85 38 219 37 165 114 84 50  9.69855
380 1 212 132 141 191 138 98 29 138 150 183 131 177 215 103 73 75 71 215 109 179 56 69 203 18 201 163 255 213 176 113 133 98  6.56306
380 1 212 38 205 181 138 106 61 139 182 183 139 179 215 46 73 75 35 215 109 177 56 213 207 2 220 163 255 21 165 113 133 34  7.39597
380 1 212 230 141 183 170 106 29 171 50 190 131 185 215 103 73 91 55 213 109 162 120 197 203 2 200 163 125 149 160 241 133 99  7.1336
35 0 220 180 157 247 136 110 85 191 178 187 167 24 215 119 72 123 129 215 125 24 57 77 251 2 201 227 117 84 160 96 135 50  0
35 0 92 189 157 247 168 110 85 191 162 187 170 24 247 119 72 91 129 87 108 8 57 73 219 33 233 231 117 20 128 112 135 59  0
35 0 220 180 157 117 130 110 85 191 50 183 167 24 223 119 72 91 51 214 109 56 56 212 249 2 201 231 117 85 162 240 135 50  0
35 0 220 164 157 117 136 110 69 191 50 187 170 24 215 51 72 91 1 214 108 40 57 77 219 2 233 231 117 20 160 112 134 42  0
35 0 216 148 157 245 136 110 81 59 176 191 167 24 215 55 0 91 1 214 109 40 56 205 243 14 201 227 117 84 160 224 134 34  0
35 0 220 20 157 244 136 110 85 59 160 187 167 24 215 55 72 123 129 214 108 42 57 69 251 0 217 227 117 20 160 112 135 50  0
35 0 220 148 189 247 168 110 85 191 178 255 167 24 215 119 72 123 129 214 125 42 121 69 251 2 201 227 117 20 160 112 134 114  0
35 0 212 180 157 247 136 110 69 191 182 187 163 24 215 119 72 123 129 86 108 58 121 69 251 1 201 163 117 84 160 112 135 50  0
35 0 220 148 157 255 152 110 85 187 54 59 143 16 215 119 8 123 81 215 125 56 57 77 219 23 201 231 119 84 176 96 133 50  0
35 0 216 180 157 245 168 110 85 191 50 191 174 24 215 55 65 91 129 214 125 40 56 77 243 2 235 227 117 52 160 240 134 122  0
481 1 220 188 157 115 168 236 81 159 178 59 167 24 215 247 72 123 1 86 108 24 59 77 187 35 201 227 117 84 160 65 135 51  6.75411
481 1 84 181 157 247 184 111 87 191 58 249 175 24 215 127 72 114 149 215 125 58 123 105 249 55 249 231 53 116 200 115 199 115  8.59994
481 1 92 180 189 241 168 110 81 159 166 251 138 16 215 119 72 122 133 87 125 24 27 201 251 2 201 231 119 84 128 96 133 51  6.70282
481 1 220 180 157 247 136 110 85 191 182 179 135 24 215 119 72 123 129 215 125 24 57 77 251 34 201 227 119 84 160 112 133 114  5.06382
481 1 216 180 157 247 136 108 81 191 178 187 167 24 215 119 72 123 129 214 125 24 59 77 251 35 201 235 117 84 160 64 134 50  5.72826
481 1 212 180 157 119 136 108 81 155 178 251 167 24 215 119 72 123 129 214 124 24 57 69 251 2 201 227 117 84 160 96 135 50  5.09338
481 1 116 180 189 247 154 110 87 175 50 231 175 24 247 119 72 114 145 215 125 0 57 79 251 42 217 231 125 124 160 98 134 114  6.36635
481 1 212 180 157 246 168 108 85 191 178 187 163 24 215 247 72 123 129 215 109 16 57 77 251 2 217 227 117 92 160 96 135 51  5.38106
481 1 220 180 157 119 168 110 85 191 178 187 167 24 215 119 72 91 129 215 109 32 56 77 219 3 203 227 117 85 160 96 135 51  5.98498
481 1 220 180 157 245 136 110 85 159 178 187 166 24 215 55 72 123 129 87 125 24 57 77 219 2 201 227 117 84 128 112 135 50  5.6555
482 1 88 181 156 183 168 108 85 189 170 187 175 24 255 115 72 83 129 215 109 8 88 73 219 33 233 243 119 84 128 114 131 43  6.92596
482 1 216 188 157 247 168 110 85 191 186 187 162 24 247 119 72 91 129 87 108 8 57 77 219 35 201 227 117 20 128 112 135 43  6.65403
482 1 92 189 157 247 168 110 85 191 162 187 170 24 247 119 72 91 129 86 108 8 121 73 251 33 233 227 117 20 128 112 135 58  5.91436
482 1 92 189 149 245 169 110 85 191 163 187 138 24 223 55 65 223 133 215 125 8 57 201 219 32 233 247 85 20 162 240 135 59  7.61911
482 1 88 236 149 117 138 108 95 159 34 151 174 0 191 103 73 90 39 215 108 152 10 72 243 33 233 231 116 0 162 208 167 40  0
482 1 216 233 159 245 137 110 69 191 166 246 162 8 247 55 65 251 129 119 121 121 105 205 243 40 233 227 93 28 128 240 167 42  9.69855
482 1 204 191 157 55 168 110 7 191 178 255 166 124 247 243 201 27 133 102 108 18 59 73 203 34 232 231 117 116 200 112 135 27  7.90679
482 1 92 189 157 119 168 110 87 191 178 187 170 24 215 119 73 123 129 86 108 24 57 73 251 34 233 231 117 84 128 113 135 59  6.17219
482 1 92 252 191 119 186 110 55 239 246 251 238 40 247 247 73 122 179 247 236 48 25 253 251 47 249 231 117 23 232 11